MY_ACCOUNT_ID=0.0.269909
MY_PRIVATE_KEY=302e020100300506032b657004220420624bae0529b6070add7b5fc1159a97f9f71903b7bb1319ad9b1405eea8117cd8
TREASURY_ACCOUNT_ID=0.0.269909
ADMIN_KEY=302a300506032b65700321001b5eecaa9b6e71e11606b0fd74fdc6bf5420cbf8f23214099b48d8edfdca7ce7